*0
;map
0 9 10 3 0
7 6 2 1 1
9 3 3 1 1
13 9 3 3 0
16 7 11 5 0
27 9 16 3 0
31 4 4 1 1
37 6 1 1 1
45 9 5 3 0
40 7 2 2 9
47 2 4 1 1
55 6 1 1 1
53 9 5 3 0
60 9 20 3 0
66 7 2 2 10
#
;bk
17 5 3 2 0
20 5 3 2 0
30 7 3 2 0
26 7 3 2 0
46 7 3 2 0
76 7 3 2 1
10 10 3 2 2
43 10 3 2 2
50 10 3 2 2
58 10 3 2 2
#
;enemy
19 6 1 1 0 16 26
20 6 1 1 0 16 26
21 6 1 1 0 16 26
22 6 1 1 0 16 26
23 6 1 1 0 16 26
24 6 1 1 0 16 26
33 8 1 1 0 27 39
36 8 1 1 0 27 39
39 8 1 1 0 27 39
#
;coin 
7 5 32 32 3
8 5 32 32 3
9 2 32 32 3
10 2 32 32 3
11 2 32 32 3
25 4 52 25 5
31 3 32 32 3
32 3 32 32 3
33 3 32 32 3
34 3 32 32 3
31 2 32 32 3
32 2 32 32 3
33 2 32 32 3
34 2 32 32 3
61 5 32 32 3
62 5 32 32 3
63 5 32 32 3
64 5 32 32 3
#
*1
;map ////////////////////////////////////// 1
0 9 15 3 3
13 7 2 2 9
15 7 14 5 3
25 5 2 2 10
31 9 20 3 3
51 7 19 5 3
70 9 10 3 3
#
;bk
0 7 3 2 3
3 7 3 2 3
29 10 3 2 2
76 7 3 2 1
#
;enemy
21 6 1 1 0 15 24
23 6 1 1 0 15 24
48 7 2 2 6 0 0 
68 5 2 2 8 0 0 
#              
;coin          
6 5 32 32 3     
7 5 32 32 3     
8 5 32 32 3     
9 5 32 32 3     
18 4 32 32 3    
19 4 32 32 3    
20 4 32 32 3
56 4 32 32 3    
57 4 32 32 3    
58 4 32 32 3 
59 4 32 32 3 
#
*2
;map 32 /////////////////////// 2 
0 9 10 3 6
12 9 6 3 6
18 7 18 1 7
18 8 1 4 7
35 8 1 4 7
37 6 18 1 7
45 7 2 5 7
56 8 4 1 7
61 6 4 1 7
67 5 2 7 6
69 9 11 3 6
#
;bk
10 10 3 2 2
19 10 3 2 2
22 10 3 2 2
25 10 3 2 2
28 10 3 2 2
31 10 3 2 2
34 10 3 2 2
37 10 3 2 2
40 10 3 2 2
43 10 3 2 2
47 10 3 2 2
50 10 3 2 2
53 10 3 2 2
56 10 3 2 2
59 10 3 2 2
62 10 3 2 2
65 10 3 2 2
76 7 3 2 1
#
;enemy
23 6 1 1 0 18 35
24 6 1 1 0 18 35
25 6 1 1 0 18 35
26 6 1 1 0 18 35
34 5 2 2 8 0 0 
53 4 2 2 8 0 0 
59 7 1 1 7 56 59
64 5 1 1 7 61 64
#
;coin
6 5 32 32 3
7 5 32 32 3
8 5 32 32 3
#
*3
;map 03 ////////////////////////////////////// 
0 1 2 11 0
2 9 12 3 0
2 9 2 2 10
12 7 2 2 9
14 1 2 11 0
#
;bk
#
;enemy
#
;coin
5 5 32 32 3
6 5 32 32 3
7 5 32 32 3
8 5 32 32 3
9 5 32 32 3
5 6 32 32 3
6 6 32 32 3
7 6 32 32 3
8 6 32 32 3
9 6 32 32 3
5 7 32 32 3
6 7 32 32 3
7 7 32 32 3
8 7 32 32 3
9 7 32 32 3
#
*4
;map 04 ////////////////////////////////////// 
0 1 2 11 3
2 9 28 3 3
2 9 2 2 10
16 6 2 1 4
19 6 2 1 4
22 6 2 1 4
28 7 2 2 9
30 1 2 11 3
#
;bk
#
;enemy
14 8 1 1 0 8 27
15 8 1 1 0 8 27
16 8 1 1 0 8 27
17 8 1 1 0 8 27
18 8 1 1 0 8 27
19 8 1 1 0 8 27
20 8 1 1 0 8 27
#
;coin
5 5 32 32 3
6 5 32 32 3
7 5 32 32 3
8 5 32 32 3
9 5 32 32 3
5 6 32 32 3
6 6 32 32 3
7 6 32 32 3
8 6 32 32 3
9 6 32 32 3
5 7 32 32 3
6 7 32 32 3
7 7 32 32 3
8 7 32 32 3
9 7 32 32 3
20 3 52 25 5
#